1
16202
0
3
24273
1
5
22648
1
7
28436
2
9
21885
3
11
3562
5
13
2516
8
15
16430
13
17
9840
21
19
21434
34
21
12433
55
23
20427
89
25
4325
144
27
494
233
29
20038
377
31
3640
610
33
1779
987
35
31020
1597
37
30851
2584
39
22612
4181
41
7902
6765
43
6223
10946
45
13029
17711
47
32379
28657
49
24253
46368
51
23779
53
55
326
57
59
26515
61
63
6495
65
67
5735
69
71
18708
73
75
2119
77
79
19955
81
83
16598
85
87
14290
89
91
30038
93
95
16121
97
99
9713
101
103
27569
105
107
32537
109
111
24560
113
115
18378
117
119
2651
121
123
797
125
127
19534
129
131
21017
133
135
18644
137
139
30695
141
143
13626
145
147
25298
149
151
9865
153
155
9697
157
159
5768
161
163
25981
165
167
17536
169
171
1891
173
175
3708
177
179
32728
181
183
20652
185
187
26849
189
191
26320
193
195
10551
197
199
29793
201
203
6470
205
207
14462
209
211
31018
213
215
5111
217
219
18788
221
223
5835
225
227
1256
229
231
29826
233
235
8343
237
239
22812
241
243
17916
245
247
3001
249
251
2947
253
255
28170
257
259
32698
261
263
21761
265
267
24822
269
271
7486
273
275
27634
277
279
1426
281
283
10227
285
287
16523
289
291
8814
293
295
24782
297
299
4318
301
303
18386
305
307
12715
309
311
15534
313
315
4811
317
319
20009
321
323
14945
325
327
32094
329
331
5363
333
335
8641
337
339
4677
341
343
28152
345
347
6989
349
351
25369
353
355
32149
357
359
25445
361
363
5192
365
367
19178
369
371
29158
373
375
1371
377
379
9389
381
383
14689
385
387
4023
389
391
28813
393
395
9635
397
399
27671
401
403
4934
405
407
9200
409
411
30680
413
415
6991
417
419
26666
421
423
21038
425
427
21964
429
431
18935
433
435
20019
437
439
16187
441
443
28225
445
447
18160
449
451
6412
453
455
18697
457
459
18128
461
463
14614
465
467
1823
469
471
6502
473
475
13730
477
479
4749
481
483
30529
485
487
17915
489
491
10315
493
495
29396
497
499
26530
501
503
21105
505
507
27850
509
511
21019
513
515
9082
517
519
8119
521
523
18607
525
527
19293
529
531
22532
533
535
21105
537
539
22881
541
543
32188
545
547
29753
549
551
8578
553
555
32653
557
559
18595
561
563
14792
565
567
19653
569
571
30386
573
575
6447
577
579
16608
581
583
13027
585
587
12508
589
591
6740
593
595
25392
597
599
7247
601
603
7539
605
607
23629
609
611
3509
613
615
22627
617
619
10561
621
623
29393
625
627
23494
629
631
14506
633
635
1164
637
639
7297
641
643
6377
645
647
19777
649
651
4954
653
655
16681
657
659
23014
661
663
1126
665
667
23262
669
671
30522
673
675
18595
677
679
30248
681
683
17921
685
687
19471
689
691
323
693
695
13370
697
699
14864
701
703
15725
705
707
31237
709
711
27884
713
715
11158
717
719
11731
721
723
25201
725
727
3907
729
731
12880
733
735
8195
737
739
12600
741
743
25919
745
747
586
749
751
12633
753
755
15212
757
759
18487
761
763
12065
765
767
7513
769
771
10862
773
775
10857
777
779
13668
781
783
4113
785
787
31011
789
791
12190
793
795
29983
797
799
12210
801
803
19440
805
807
30209
809
811
3975
813
815
4337
817
819
31226
821
823
32523
825
827
30921
829
831
15538
833
835
31012
837
839
24484
841
843
1535
845
847
2155
849
851
4440
853
855
32084
857
859
20041
861
863
17878
865
867
18066
869
871
9645
873
875
23814
877
879
14691
881
883
19499
885
887
15304
889
891
29242
893
895
23020
897
899
3824
901
903
3824
905
907
25869
909
911
5934
913
915
30323
917
919
11371
921
923
11124
925
927
18314
929
931
26921
933
935
9581
937
939
4352
941
943
26755
945
947
25030
949
951
20777
953
955
17870
957
959
4230
961
963
32611
965
967
2570
969
971
9623
973
975
19316
977
979
27870
981
983
17425
985
987
26093
989
991
7790
993
995
18186
997
999
8527
1001
1003
16789
1005
1007
6762
1009
1011
19483
1013
1015
22669
1017
1019
13831
1021
1023
14339
1025
1027
6615
1029
1031
22806
1033
1035
32532
1037
1039
12825
1041
1043
4878
1045
1047
5531
1049
1051
11180
1053
1055
14252
1057
1059
12244
1061
1063
18251
1065
1067
28109
1069
1071
6267
1073
1075
32512
1077
1079
18689
1081
1083
9871
1085
1087
753
1089
1091
31340
1093
1095
24992
1097
1099
9822
1101
1103
1222
1105
1107
636
1109
1111
29577
1113
1115
10318
1117
1119
17139
1121
1123
24682
1125
1127
3651
1129
1131
13975
1133
1135
18531
1137
1139
4564
1141
1143
20022
1145
1147
25912
1149
1151
24036
1153
1155
23307
1157
1159
19867
1161
1163
9914
1165
1167
6377
1169
1171
12460
1173
1175
10368
1177
1179
28185
1181
1183
12670
1185
1187
29691
1189
1191
15613
1193
1195
22476
1197
1199
15123
1201
1203
16510
1205
1207
24454
1209
1211
13052
1213
1215
3707
1217
1219
9317
1221
1223
12900
1225
1227
31444
1229
1231
3769
1233
1235
4136
1237
1239
11853
1241
1243
7930
1245
1247
29965
1249
1251
5369
1253
1255
12586
1257
1259
24875
1261
1263
31687
1265
1267
11374
1269
1271
5875
1273
1275
3325
1277
1279
4697
1281
1283
